0 3
0 111
0 980
4 765
4 966
7 934
8 868
8 961
12 640
13 268
19 732
21 492
26 672
27 518
27 712
31 972
33 489
35 310
35 480
38 286
39 294
46 82
47 20
47 936
49 251
50 582
52 359
54 994
56 770
60 325
61 635
62 901
64 158
64 600
68 707
69 850
70 45
70 852
71 576
71 684
73 284
73 368
78 36
81 506
81 997
85 541
85 898
88 11
89 935
91 20
92 747
94 708
96 598
97 826
101 641
103 952
106 218
106 859
109 491
110 658
110 745
112 32
114 207
119 533
119 771
125 4
128 609
129 522
131 989
132 498
133 995
135 227
136 154
138 308
139 75
141 129
141 568
148 883
151 606
156 496
159 674
160 67
160 467
161 24
162 838
163 299
163 808
169 691
170 394
171 457
174 51
183 614
187 977
189 836
191 577
192 418
196 488
197 308
197 476
198 790
199 151
200 755
201 845
202 370
202 462
202 563
203 744
204 785
205 998
207 599
211 781
212 933
213 941
214 502
216 343
218 351
220 797
222 171
226 549
227 293
227 881
228 259
230 811
231 158
235 319
238 819
239 631
242 948
247 822
250 719
252 552
254 337
257 285
257 684
259 104
259 299
260 623
263 365
265 16
265 801
271 839
272 317
273 476
275 351
279 412
279 821
283 847
284 274
286 773
289 987
298 420
299 312
301 337
305 576
305 897
307 948
312 526
312 954
314 339
314 568
315 984
316 58
318 708
319 310
319 437
324 167
338 506
338 741
339 79
342 512
346 67
352 24
353 648
353 710
354 564
356 389
358 479
358 693
360 787
361 692
363 67
364 136
369 852
370 660
372 398
373 821
375 468
377 762
382 256
382 568
382 726
386 529
387 933
388 174
391 777
394 380
396 42
396 210
396 376
397 742
397 886
399 14
403 48
404 604
410 41
410 630
411 347
412 100
412 330
416 605
416 945
421 883
422 135
424 336
424 728
426 151
426 730
429 3
430 481
432 919
438 773
441 513
443 987
447 99
447 360
449 857
450 587
451 321
451 751
452 187
456 179
458 599
460 75
464 941
475 619
483 896
484 151
485 70
486 239
491 680
495 171
497 728
498 320
502 311
502 723
503 251
503 351
503 613
505 217
510 678
511 693
514 272
516 214
519 455
519 575
526 422
527 28
527 455
529 860
530 269
530 609
530 834
530 861
533 117
536 837
536 920
537 525
542 463
543 9
543 448
543 999
544 396
546 769
554 224
554 911
555 238
555 530
556 366
556 490
556 856
563 707
564 264
564 823
570 559
572 59
574 923
576 846
578 933
583 920
584 660
585 192
588 843
590 886
592 259
593 41
597 478
597 784
599 592
601 739
602 116
609 55
610 12
611 978
613 751
614 145
615 772
621 676
623 316
624 992
625 766
630 65
632 532
635 257
637 491
640 71
641 285
641 485
643 631
645 919
647 732
649 124
651 321
652 438
653 792
654 172
656 563
658 329
659 231
659 860
663 705
664 94
665 341
665 641
669 821
670 316
670 483
671 304
676 537
680 391
682 963
683 159
686 897
687 900
688 207
688 936
690 163
692 532
693 176
695 762
698 797
705 433
710 758
712 699
713 887
720 123
720 524
723 389
723 780
726 400
728 418
729 146
731 402
734 43
736 439
743 342
746 421
746 991
747 703
748 917
749 242
751 88
754 993
758 294
760 515
761 315
761 610
762 83
762 186
764 68
768 390
770 104
771 644
771 949
773 159
773 726
773 825
780 594
780 622
781 158
782 332
790 856
794 297
795 896
796 314
796 319
799 427
802 240
803 82
806 160
808 849
809 792
811 239
813 128
813 390
817 104
817 759
818 985
821 356
823 797
826 67
826 126
827 39
828 462
829 172
830 267
831 65
835 479
835 550
837 301
837 623
837 853
839 31
840 140
841 172
845 748
846 836
848 241
848 601
851 55
852 202
860 139
865 729
865 935
866 861
866 872
868 505
868 713
869 539
870 600
872 948
873 907
874 806
875 712
876 414
876 627
877 22
882 379
885 460
885 511
894 252
901 437
902 509
903 788
905 6
906 497
911 853
915 668
916 333
928 637
928 733
929 211
930 70
930 923
935 836
937 834
940 233
940 825
940 954
944 268
944 742
948 374
951 646
955 569
955 680
956 140
956 617
958 909
959 513
959 686
963 665
969 593
969 692
971 666
973 520
973 571
975 631
977 102
978 779
982 168
983 679
984 437
985 110
988 763
988 945
989 111
991 748
991 846
992 674
995 259
999 826
