-540460 -255485 -538364 -246750
-248338 458864 -247168 460479
-380625 106461 -375899 111338
-475034 190614 -472371 195569
864953 -340665 871208 -333990
63609 -102681 69074 -94894
536512 560644 538463 565097
511705 400428 515594 404795
32461 -217823 36421 -212947
-861513 477009 -859944 483168
-274263 -895046 -264561 -891591
-428824 -640415 -419421 -636183
344842 -248654 349411 -246592
-712743 -386887 -707127 -378124
-702619 472971 -694026 473741
-412959 -788876 -404690 -782746
-49530 512572 -45035 517682
-67456 193325 -57626 199322
334834 498130 338709 500560
372226 -418431 374231 -415417
505602 -403653 513006 -398951
413085 856895 420808 860931
-378952 865143 -377326 869398
-338627 -78430 -337856 -68684
294905 632673 302093 634706
512790 283851 514500 290277
-529367 538011 -524129 546324
339210 -256813 339750 -256200
-570121 232239 -560583 233529
-95214 275449 -87083 280106
163083 941235 172561 943863
-85194 -172125 -83254 -167991
-119945 -200748 -114422 -194796
764657 -473266 774234 -465130
307254 -184025 309945 -178655
-347945 -797571 -341963 -790717
-547360 739211 -542163 743555
-315507 -612551 -309663 -604821
-79146 -772170 -76035 -768879
114245 24378 122407 30084
670001 -197063 673074 -194409
505378 41786 512745 46113
764579 396895 771093 404713
166697 -45924 167953 -36095
-328961 107175 -323899 109768
-278427 -303026 -273393 -299804
623382 -245810 633055 -242556
-52647 329438 -48566 330717
-593055 -204571 -585707 -200880
621445 -5066 629567 4411
-145672 25512 -136956 31455
170319 132132 177669 138737
165843 -245578 170029 -239035
-226470 105320 -220137 111647
60747 192764 64083 199561
716112 -519859 725179 -518741
-73726 -159554 -69262 -157591
-98085 -81624 -94263 -72393
308309 -277472 312783 -268355
-110067 -45617 -103317 -35983
-266331 574290 -265703 575413
516548 -304038 520409 -296378
905804 -18812 908146 -17586
-276891 156120 -273131 164035
643724 -184288 646823 -179079
364144 -93694 366516 -85762
-412162 493316 -410913 497604
-278210 541729 -275441 551122
178364 -85944 183154 -77082
408894 231234 415367 236022
-108332 -172154 -99463 -166711
94521 -149034 98248 -142001
707438 -335606 714633 -332503
-567243 -271989 -558251 -262801
-338801 -47901 -336204 -45042
69229 527907 76559 535022
754894 628501 756521 629256
-696232 428184 -690146 433903
257887 -89066 267544 -84343
557104 785012 562824 794445
246597 -220117 251981 -212569
632369 35326 633528 37921
188143 -2935 191234 -125
-301079 124562 -291377 127527
548484 593091 550875 602691
-506563 -421515 -500331 -413151
-261383 -329394 -253260 -323505
-86665 123280 -77203 125622
-829728 -75237 -825174 -67202
139824 831051 141522 840957
-390314 -193254 -389066 -192443
698889 509841 706601 513382
162534 -329606 167848 -324190
-271646 -258710 -270977 -250076
-748544 606892 -747940 607845
-73953 -207874 -64795 -204150
446586 -664597 451604 -663241
42285 123360 49588 130007
-445207 -401018 -437384 -397111
597833 -232334 603513 -222807
-508741 341159 -500515 342616
-527526 -696185 -524199 -690565
-105979 -797334 -99349 -789835
-851982 -455037 -847773 -445662
114002 221757 119781 225895
-237272 -469027 -230558 -465779
802146 194726 808021 200153
142673 -599575 143634 -595817
147205 -411273 152558 -409424
-555859 161128 -553527 170324
687320 -160787 689931 -159031
317967 3684 322257 6557
-915134 66454 -914351 71833
411662 175660 418717 179794
479956 -203087 487966 -196744
-17917 -533973 -14698 -531775
-689826 555217 -684840 561330
-268870 157231 -266318 164133
-455380 -810454 -449115 -809483
226587 -154199 233877 -149771
85685 76677 90936 77482
-785191 -373264 -779484 -366371
-725230 -598572 -724216 -591712
718444 388200 723083 394418
19601 -239918 21208 -232897
318011 607210 326377 610810
-474627 583725 -472193 587841
-100780 144028 -98253 149008
230129 -504489 238681 -497505
204214 209407 207646 212459
743543 -55849 747499 -52345
-809006 527686 -799072 533999
169746 813934 178372 815988
120978 -21662 130332 -18619
-239091 -578796 -236188 -577380
697342 272154 706010 280990
323151 158085 325124 164735
-56416 -918818 -55553 -912367
177107 -602651 178766 -600117
-152608 61334 -151410 67034
249677 955868 252169 957456
311090 -115779 315283 -109776
-412310 258051 -408404 265753
409982 -751982 410875 -746049
-671694 452885 -664061 461615
-158534 -13420 -157374 -11335
-218087 -837123 -216662 -829628
721645 43246 723884 50901
-99137 -169670 -93814 -165599
93898 123773 100831 131693
537562 449027 541075 454709
-120155 150101 -115349 153334
-406281 -696685 -398755 -687513
-71438 158534 -63975 163096
337849 -445265 345371 -437843
-256283 -207510 -253915 -206660
246756 -289148 255981 -280730
913832 162918 922613 172017
-384921 -129030 -380538 -124460
-622671 699318 -615791 706753
-237936 -768862 -231673 -760891
-277690 496459 -276568 504141
22115 -180306 24680 -175385
454999 96753 463215 103167
158110 211771 162005 214002
-384065 -68815 -382554 -61531
-160982 -36617 -151421 -31319
184954 587864 190810 597074
-145409 -70821 -142553 -68369
-561566 745222 -558142 746944
-602692 704031 -601581 706854
-605031 -467632 -598010 -466506
613924 -173310 622553 -167265
602410 177006 606952 183605
-585728 149454 -579140 159247
111014 384770 112698 386287
-133298 -31522 -126748 -24347
647888 415982 648533 418799
83272 699139 90708 707709
-803725 -417418 -802798 -412227
-462759 -639320 -454007 -637036
426414 -354766 430081 -346345
-525233 -554334 -523463 -546014
369889 816381 377124 821299
277 717268 1455 723600
-615477 -33036 -610474 -32141
-232167 -862387 -227719 -856443
-360482 524751 -357066 532854
287409 441460 291459 448190
-676079 275387 -666279 279027
117454 -72878 124406 -67103
-925442 -36278 -921256 -29813
168 641677 1522 650923
-211714 -557888 -205681 -551698
554734 -339961 557504 -335377
-370176 329965 -363519 334351
880999 -123291 884240 -122760
-59478 -127357 -50560 -118973
-687438 105238 -682889 109523
-201133 119525 -195811 126096
-385959 -127080 -377974 -117487
-793376 -389848 -789445 -389332
-791071 215909 -787534 220391
43036 405234 51375 406836
653437 191171 660298 193334
-548655 768393 -547102 778093
136641 615628 139456 624126
52236 -148615 55637 -145095
581207 -713381 586245 -709416
43938 339873 45023 347521
453797 -703115 454517 -698014
156969 263396 165884 266097
-162134 157820 -157477 159341
77426 -395826 81763 -387547
-144272 -123446 -142654 -118897
-345002 -235606 -340572 -227704
761303 -183791 766207 -174201
350842 -538254 353856 -530125
-707799 -150432 -702922 -144816
-543367 567367 -537408 568625
832702 188867 837568 191925
-126452 -28431 -118493 -19984
388318 696072 397923 701115
412825 -105848 420093 -103034
-11963 -858314 -8189 -852801
360327 -23056 367204 -13951
346709 -75196 349878 -70079
280587 -431056 285780 -423781
35329 881158 39721 885091
558490 -711056 562563 -703942
-845641 40217 -845131 46559
396707 -8854 400370 893
-407299 473589 -398948 479394
-317270 211593 -316644 213959
-558048 -111580 -552412 -107815
-656715 -307294 -646858 -303664
97311 -43716 99173 -40001
173523 -605668 174774 -604801
246506 -248502 253268 -247741
-173795 242754 -170272 247001
-881484 -429637 -880455 -423114
803681 291323 812113 292020
-578638 33806 -576712 37419
-222313 -251622 -219549 -246910
-508122 513309 -507317 516561
-240632 -192524 -232936 -185684
241569 -557618 243208 -550336
-166080 54831 -160593 62963
60370 179793 64310 181812
-171188 -377091 -169239 -368791
-437742 -462558 -434711 -461399
775763 -603390 780238 -599375
450582 456372 458935 463849
940907 263010 941940 272760
547642 -434589 555876 -425441
-161485 59302 -155426 67934
35770 -872119 38449 -869475
-622950 489093 -615503 490687
-8838 -895590 627 -893546
-612542 337754 -604488 341282
-425612 -854656 -425057 -851391
364792 50095 367711 50673
-831478 333022 -828340 341242
-467934 202660 -459883 207653
-581223 -524753 -572656 -519859
-176187 212379 -172710 219247
106758 -786573 114358 -784069
-96164 68806 -88064 71616
211647 -22582 215990 -14268
-87703 -233326 -84970 -225432
6758 -988141 8533 -978320
539000 -738228 540484 -733789
782833 232936 787623 240856
379547 606751 386108 607548
195781 -621746 202709 -612113
579070 -374978 582488 -371082
309947 -109406 315926 -99934
-89086 826455 -81154 833289
105094 39589 114292 49394
-625856 686397 -616960 688902
-199534 -618652 -192540 -612755
-483469 -134130 -477064 -129627
770835 164555 776921 165613
509421 -572294 511161 -569481
-813196 105050 -805752 107708
-346229 100397 -344956 106682
-241014 -184892 -238365 -182380
-343430 556874 -335059 564376
664636 437397 671055 446594
153078 902480 157792 906112
-822323 437364 -815908 444272
-264485 -730652 -259916 -722670
472769 -53767 481604 -51909
508883 -200935 510302 -195564
-113133 611403 -112129 619098
631177 -23982 634351 -22394
103679 86438 109253 93526
272386 -260797 277053 -259267
-350002 524376 -346751 531871
-80545 -403441 -72424 -394290
-155033 139205 -146958 142679
528202 -189720 531898 -187610
376000 -728328 383028 -720433
-182395 348992 -173747 352054
89994 -139065 96906 -135650
-259016 672788 -251431 676642
651976 -682460 658417 -674937
114344 494028 121817 500396
-525252 156866 -521682 159970
-318248 -855739 -317344 -846167
692750 178671 694965 185493
711762 -19834 720663 -14287
-255791 -821169 -249472 -813203
505313 656438 512481 665834
593432 789548 597612 798895
-105765 491354 -99891 494916
731906 18943 734969 21745
-307021 -473307 -301903 -466038
-239573 -541194 -233409 -536680
-75598 -167959 -67439 -160511
23865 493873 32937 500093
-11369 -246363 -2244 -237585
-255170 -594654 -246527 -588529
-654044 735969 -645744 744585
-450453 99883 -440787 106452
-691719 -487995 -687388 -486486
-643298 -185622 -638356 -182775
282502 -475384 292213 -470097
379322 -308368 385175 -298990
-392135 344160 -387105 350515
-329357 400380 -327099 403166
764379 142919 771796 146096
-537610 243342 -536318 245893
-764532 461908 -758048 462565
-336590 208553 -335258 210907
76293 -303107 85436 -300859
-90404 272190 -89474 273012
175876 724803 181880 731635
-710985 -260239 -702008 -256221
-407079 234549 -405364 239853
-275710 -50057 -267637 -43259
24202 -810600 32043 -804920
179340 -178323 180233 -172873
218698 -140905 225464 -134259
-180506 52248 -173542 55383
-260036 -692904 -253378 -688641
-1763 468524 7012 469165
-948897 58729 -940847 62531
-518210 -294606 -509105 -287056
225964 -653163 232928 -652337
-544323 351114 -535565 354972
377597 165938 382738 169863
-391250 28497 -383382 29762
356302 -539551 359544 -535157
-586027 -260031 -578488 -252168
-455481 -155439 -450387 -149777
-147471 122963 -144861 131840
-375602 241704 -373033 247243
225496 -870546 226999 -863911
230015 -490150 233888 -489284
-819860 -386319 -813887 -381220
-889756 -413136 -882729 -407657
378859 686557 388612 692503
512898 457398 516071 463927
-261252 1204 -255061 9520
-93034 734602 -86533 736210
-592754 -243173 -592202 -242547
392661 572967 397689 574547
370041 867736 375539 874643
23028 405468 24844 412695
-148969 591695 -146411 592850
-347480 154006 -339605 159730
185699 371545 188038 374359
630411 -601846 635240 -595482
-290039 787176 -286866 791972
421329 213006 424505 213619
792962 585526 797094 588503
289072 750250 294412 755342
653020 180806 656343 190250
-20980 404875 -18812 405406
873947 -140072 883755 -132938
-337484 733990 -328294 736847
360047 -427284 361806 -424225
-3484 -285913 2871 -279367
558805 -312922 566298 -310837
167797 141463 171439 142724
235044 100860 241434 102028
-746758 588831 -738368 590789
-232420 379517 -228421 385694
-179164 544698 -172708 547764
-461310 471526 -457930 480986
564225 405420 567889 410760
100415 -111230 106165 -108072
545971 54213 552369 57858
-102885 81027 -93618 87565
483538 157178 488477 161514
156048 618727 161729 627789
172253 -295601 181403 -292758
-71295 -368694 -65302 -363284
-268494 -135414 -267040 -126098